%% aerodynamics look-up
function [ReList,wingPolar,wingPolarp20,wingPolarm20,tailPolarp30,A0,A0_tail,s0, s0_tail,s0_LE,s0_TE,Iy_LE,Ix_LE,Iy_TE,Ix_TE]=init
ReList=[30000,60000,120000,240000,480000,960000,1920000,3840000];
% here's the polars
wingPolarp20=[0.000	1.073	0.072	-0.191];
wingPolarm20=[0.000	-0.794	0.045	0.064];
tailPolarp30=[0.000	1.163	0.058	-0.147];
wingPolar{1}=[...
-8.000	-0.304	0.113	-0.009
-7.500	-0.250	0.100	-0.010
-7.000	-0.230	0.094	-0.007
-6.500	-0.204	0.087	-0.004
-4.500	-0.404	0.069	-0.026
-4.000	-0.360	0.058	-0.039
-3.500	-0.300	0.049	-0.049
-3.000	-0.235	0.042	-0.054
-2.500	-0.176	0.038	-0.057
-2.000	-0.117	0.035	-0.058
-1.500	-0.065	0.032	-0.054
-1.000	-0.046	0.030	-0.046
-0.500	0.002	0.031	-0.048
0.000	0.047	0.033	-0.050
0.500	0.088	0.034	-0.051
1.000	0.128	0.036	-0.052
1.500	0.166	0.039	-0.053
2.000	0.202	0.041	-0.054
2.500	0.235	0.044	-0.055
3.000	0.267	0.047	-0.056
3.500	0.335	0.052	-0.064
4.000	0.417	0.057	-0.074
4.500	0.485	0.061	-0.081
5.000	0.543	0.066	-0.086
5.500	0.593	0.071	-0.089
6.000	0.634	0.075	-0.090
6.500	0.670	0.080	-0.091
7.000	0.698	0.085	-0.091
8.000	0.683	0.101	-0.094
8.500	0.652	0.108	-0.094
9.000	0.782	0.112	-0.094
9.500	0.704	0.122	-0.097
10.500	0.744	0.136	-0.099
11.500	0.798	0.154	-0.103
12.000	0.826	0.164	-0.105
12.500	0.835	0.171	-0.105
13.000	0.847	0.177	-0.105
13.500	0.862	0.184	-0.106
14.000	0.889	0.195	-0.108
14.500	0.878	0.195	-0.108
15.000	0.885	0.201	-0.110
15.500	0.908	0.211	-0.112
16.000	0.945	0.227	-0.114
];
wingPolar{2}=[...
-5.000	-0.445	0.079	-0.008
-4.500	-0.443	0.074	-0.005
-3.500	-0.277	0.041	-0.055
-3.000	-0.218	0.036	-0.057
-2.500	-0.164	0.032	-0.059
-2.000	-0.093	0.030	-0.063
-1.500	0.005	0.026	-0.070
-1.000	0.054	0.026	-0.066
-0.500	0.140	0.028	-0.074
0.000	0.221	0.029	-0.081
0.500	0.295	0.030	-0.086
1.000	0.364	0.031	-0.089
1.500	0.435	0.032	-0.093
2.000	0.509	0.033	-0.096
2.500	0.572	0.034	-0.097
3.000	0.642	0.035	-0.099
3.500	0.720	0.034	-0.101
4.000	0.784	0.034	-0.100
4.500	0.844	0.034	-0.099
5.000	0.888	0.035	-0.096
5.500	0.950	0.034	-0.094
6.000	1.015	0.033	-0.092
6.500	1.085	0.031	-0.091
7.000	1.149	0.031	-0.090
7.500	1.191	0.032	-0.086
8.000	1.251	0.032	-0.085
8.500	1.284	0.033	-0.081
9.000	1.330	0.034	-0.078
9.500	1.355	0.037	-0.074
10.000	1.391	0.039	-0.070
10.500	1.404	0.042	-0.065
11.000	1.416	0.045	-0.059
11.500	1.429	0.050	-0.054
12.000	1.442	0.054	-0.050
];
wingPolar{3}=[...
-7.000	-0.434	0.090	-0.028
-6.500	-0.413	0.077	-0.043
-6.000	-0.363	0.070	-0.049
-5.500	-0.313	0.058	-0.068
-5.000	-0.251	0.051	-0.079
-4.500	-0.166	0.032	-0.088
-3.500	-0.011	0.023	-0.097
-3.000	0.061	0.021	-0.100
-2.500	0.138	0.019	-0.104
-2.000	0.200	0.017	-0.106
-1.500	0.252	0.016	-0.102
-1.000	0.324	0.016	-0.103
-0.500	0.390	0.016	-0.106
0.000	0.454	0.016	-0.107
0.500	0.513	0.016	-0.107
1.000	0.575	0.016	-0.108
1.500	0.631	0.016	-0.107
2.000	0.686	0.016	-0.106
2.500	0.742	0.016	-0.105
3.000	0.798	0.016	-0.105
3.500	0.849	0.016	-0.103
4.000	0.901	0.016	-0.102
4.500	0.951	0.016	-0.100
5.000	1.002	0.017	-0.098
5.500	1.053	0.017	-0.097
6.000	1.101	0.017	-0.095
6.500	1.146	0.018	-0.092
7.000	1.189	0.019	-0.090
7.500	1.230	0.020	-0.087
8.000	1.269	0.021	-0.085
8.500	1.304	0.022	-0.082
9.000	1.336	0.024	-0.078
9.500	1.362	0.026	-0.074
10.000	1.380	0.027	-0.068
10.500	1.391	0.030	-0.062
11.000	1.399	0.033	-0.057
11.500	1.409	0.036	-0.052
12.000	1.421	0.040	-0.048
12.500	1.428	0.043	-0.045
13.000	1.444	0.048	-0.042
13.500	1.447	0.053	-0.039
14.000	1.448	0.058	-0.036
];
wingPolar{4}=[...
-7.500	-0.357	0.080	-0.043
-6.500	-0.147	0.021	-0.098
-5.500	-0.131	0.033	-0.109
-5.000	-0.067	0.020	-0.110
-4.500	-0.007	0.016	-0.111
-4.000	0.053	0.015	-0.112
-3.500	0.107	0.014	-0.111
-3.000	0.162	0.013	-0.111
-2.500	0.216	0.011	-0.112
-2.000	0.268	0.010	-0.111
-1.500	0.321	0.010	-0.110
-1.000	0.370	0.010	-0.107
-0.500	0.412	0.010	-0.103
0.000	0.485	0.009	-0.105
0.500	0.540	0.010	-0.105
1.000	0.596	0.010	-0.105
1.500	0.651	0.010	-0.105
2.000	0.705	0.010	-0.105
2.500	0.758	0.010	-0.104
3.000	0.811	0.010	-0.103
3.500	0.864	0.010	-0.102
4.000	0.916	0.011	-0.101
4.500	0.967	0.011	-0.100
5.000	1.016	0.011	-0.099
5.500	1.064	0.012	-0.097
6.000	1.109	0.013	-0.095
6.500	1.153	0.014	-0.093
7.000	1.195	0.015	-0.091
7.500	1.238	0.015	-0.089
8.000	1.278	0.016	-0.087
8.500	1.315	0.018	-0.084
9.000	1.350	0.019	-0.081
9.500	1.377	0.020	-0.077
10.000	1.402	0.022	-0.072
10.500	1.420	0.024	-0.068
11.000	1.434	0.026	-0.063
11.500	1.443	0.030	-0.058
12.000	1.453	0.033	-0.055
12.500	1.458	0.037	-0.051
13.000	1.469	0.041	-0.049
13.500	1.467	0.046	-0.046
14.000	1.4671	0.051	-0.043
14.500	1.470	0.056	-0.042
15.000	1.4701	0.062	-0.042
];
wingPolar{5}=[...
-8.500	-0.345	0.087	-0.042
-8.000	-0.335	0.077	-0.052
-6.500	-0.222	0.019	-0.109
-6.000	-0.165	0.017	-0.110
-5.500	-0.111	0.015	-0.110
-5.000	-0.058	0.013	-0.109
-4.500	-0.005	0.012	-0.109
-4.000	0.050	0.011	-0.108
-3.500	0.105	0.010	-0.108
-3.000	0.161	0.010	-0.108
-2.500	0.217	0.009	-0.108
-2.000	0.271	0.008	-0.109
-1.500	0.326	0.008	-0.108
-1.000	0.381	0.008	-0.108
-0.500	0.434	0.007	-0.107
0.000	0.486	0.007	-0.106
0.500	0.532	0.007	-0.103
1.000	0.597	0.007	-0.105
1.500	0.653	0.007	-0.105
2.000	0.709	0.007	-0.104
2.500	0.763	0.007	-0.104
3.000	0.817	0.008	-0.104
3.500	0.870	0.008	-0.103
4.000	0.922	0.008	-0.102
4.500	0.973	0.009	-0.102
5.000	1.023	0.009	-0.100
5.500	1.072	0.010	-0.099
6.000	1.118	0.011	-0.098
6.500	1.166	0.011	-0.097
7.000	1.212	0.012	-0.095
7.500	1.258	0.013	-0.094
8.000	1.302	0.014	-0.092
8.500	1.343	0.015	-0.090
9.000	1.382	0.016	-0.087
9.500	1.417	0.017	-0.084
10.000	1.444	0.018	-0.080
10.500	1.468	0.020	-0.075
11.000	1.489	0.022	-0.071
11.500	1.509	0.024	-0.067
12.000	1.524	0.027	-0.063
12.500	1.545	0.029	-0.060
13.000	1.549	0.033	-0.056
13.500	1.555	0.037	-0.053
14.000	1.568	0.041	-0.051
14.500	1.572	0.045	-0.050
];

wingPolar{6}=[...
-9.000	-0.520	0.025	-0.097
-8.500	-0.453	0.021	-0.102
-8.000	-0.381	0.019	-0.107
-7.500	-0.326	0.016	-0.109
-7.000	-0.278	0.013	-0.109
-6.500	-0.227	0.012	-0.108
-6.000	-0.174	0.011	-0.108
-5.500	-0.120	0.010	-0.107
-5.000	-0.065	0.010	-0.107
-4.500	-0.010	0.009	-0.107
-4.000	0.046	0.009	-0.107
-3.500	0.103	0.008	-0.107
-3.000	0.159	0.008	-0.107
-2.500	0.216	0.008	-0.107
-2.000	0.272	0.007	-0.108
-1.500	0.328	0.007	-0.108
-1.000	0.384	0.006	-0.108
-0.500	0.440	0.006	-0.108
0.000	0.497	0.006	-0.108
0.500	0.551	0.006	-0.108
1.000	0.605	0.006	-0.107
1.500	0.655	0.006	-0.105
2.000	0.714	0.006	-0.106
2.500	0.768	0.006	-0.105
3.000	0.823	0.006	-0.105
3.500	0.876	0.007	-0.105
4.000	0.929	0.007	-0.104
4.500	0.981	0.008	-0.103
5.000	1.031	0.008	-0.103
5.500	1.082	0.009	-0.102
6.000	1.132	0.009	-0.101
6.500	1.182	0.010	-0.100
7.000	1.231	0.010	-0.099
7.500	1.278	0.011	-0.098
8.000	1.324	0.012	-0.097
8.500	1.367	0.013	-0.095
9.000	1.409	0.014	-0.092
9.500	1.447	0.015	-0.090
10.000	1.483	0.016	-0.087
10.500	1.512	0.017	-0.083
11.000	1.544	0.018	-0.079
11.500	1.567	0.020	-0.075
12.000	1.595	0.021	-0.071
12.500	1.619	0.023	-0.068
13.000	1.632	0.026	-0.064
13.500	1.655	0.028	-0.061
14.000	1.674	0.030	-0.058
14.500	1.683	0.034	-0.056
];

