%% aerodynamics look-up
function [ReList,wingPolar,wingPolarp20,wingPolarm20,tailPolarp30,A0,A0_tail,s0, s0_tail,s0_LE,s0_TE,Iy_LE,Ix_LE,Iy_TE,Ix_TE]=init
ReList=[30000,60000,100000,150000,200000,250000,300000,350000,400000,500000,600000];
% here's the polars
wingPolarp20=[0.000	1.073	0.072	-0.191];
wingPolarm20=[0.000	-0.794	0.045	0.064];
tailPolarp30=[0.000	1.163	0.058	-0.147];
wingPolar{1}=[...
-8	-0.2238	0.10231	-0.006
-7.5	-0.1704	0.09188	-0.0082
-7	-0.0737	0.07742	-0.0214
-6.5	0.0126	0.06464	-0.039
-6	0.0269	0.06029	-0.0399
-5.5	0.0389	0.0563	-0.0403
-4.5	-0.1318	0.06385	0.0004
-3	-0.3312	0.05348	-0.0241
-2.5	-0.2253	0.04296	-0.0458
-2	-0.1565	0.03827	-0.0502
-1.5	-0.0995	0.03495	-0.0482
-0.5	0.0025	0.03101	-0.0481
0	0.0468	0.0325	-0.0494
0.5	0.0886	0.03423	-0.0505
1	0.1285	0.03618	-0.0515
1.5	0.1663	0.03839	-0.0525
2	0.2023	0.04086	-0.0535
2.5	0.2363	0.04361	-0.0546
3	0.2684	0.04666	-0.0558
3.5	0.2986	0.05004	-0.0571
4	0.3269	0.05375	-0.0585
4.5	0.3536	0.05779	-0.0601
5	0.3789	0.06215	-0.0618
5.5	0.4029	0.06683	-0.0636
6	0.426	0.0718	-0.0655
6.5	0.4482	0.07705	-0.0674
7	0.4697	0.08256	-0.0695
7.5	0.4907	0.08832	-0.0717
8	0.511	0.09432	-0.0739
8.5	0.5561	0.1032	-0.0819
9	0.6064	0.11266	-0.0903
9.5	0.639	0.12029	-0.0944
10	0.671	0.12804	-0.098
10.5	0.7028	0.13626	-0.1013
11	0.7289	0.1439	-0.1036
11.5	0.7484	0.1506	-0.1049
12	0.7678	0.15752	-0.1064
12.5	0.7928	0.16566	-0.1086
13	0.8189	0.17396	-0.1108
13.5	0.8306	0.17924	-0.1118
14	0.8575	0.18798	-0.1141
14.5	0.8748	0.19473	-0.1158
15	0.8899	0.20056	-0.1176
15.5	0.9081	0.20723	-0.1197
16	0.9275	0.2144	-0.122
];
wingPolar{2}=[...
-8	-0.3169	0.1018	-0.0273
-7.5	-0.3475	0.09967	-0.0243
-7	-0.3423	0.0944	-0.019
-6.5	-0.3863	0.09335	-0.0103
-6	-0.396	0.0895	-0.003
-5.5	-0.4168	0.0864	0.0037
-5	-0.4356	0.08291	0.0095
-4.5	-0.4408	0.07917	0.0167
-3.5	-0.4399	0.07101	0.0352
-2.5	-0.3471	0.05135	-0.0094
-2	-0.1176	0.03134	-0.0607
-1.5	-0.0607	0.02936	-0.0615
-0.5	0.0183	0.02685	-0.054
0	0.0626	0.02858	-0.0556
0.5	0.1041	0.03054	-0.0568
1	0.1431	0.03273	-0.058
1.5	0.18	0.03518	-0.0592
2	0.2148	0.03792	-0.0603
2.5	0.2476	0.04096	-0.0616
3	0.2784	0.04432	-0.0629
3.5	0.3075	0.04803	-0.0644
4	0.3349	0.05207	-0.066
4.5	0.4132	0.05884	-0.0779
5	0.4812	0.06506	-0.0865
5.5	0.5281	0.0703	-0.0903
6	0.5809	0.07609	-0.0946
6.5	0.6192	0.08157	-0.0965
7	0.6426	0.08681	-0.0965
7.5	0.6888	0.09368	-0.0995
8	0.6949	0.09867	-0.0977
8.5	0.7281	0.10518	-0.0989
9	0.7415	0.11115	-0.0983
9.5	0.7705	0.1178	-0.0989
10	0.7806	0.124	-0.0983
10.5	0.8109	0.13124	-0.0989
11	0.816	0.13751	-0.0984
11.5	0.8373	0.1445	-0.0986
12	0.8604	0.15251	-0.0991
12.5	0.8631	0.15852	-0.0996
13	0.8755	0.16537	-0.1005
13.5	0.8922	0.1727	-0.1016
14	0.919	0.1813	-0.1025
14.5	0.9203	0.18631	-0.1047
15	0.9332	0.19353	-0.1069
15.5	0.947	0.20002	-0.1092
16	0.9752	0.20983	-0.1104

];
wingPolar{3}=[...
-7	-0.4211	0.09185	-0.0238
-4.5	-0.4385	0.06447	-0.027
-2.5	-0.1759	0.03089	-0.0586
-2	-0.1214	0.02866	-0.0596
-1.5	0.0186	0.02626	-0.0749
-1	0.0854	0.02403	-0.0739
-0.5	0.1788	0.02535	-0.0829
0	0.257	0.02648	-0.0886
0.5	0.3329	0.0275	-0.0933
1	0.4084	0.02832	-0.0973
2	0.5611	0.029	-0.1035
2.5	0.6414	0.02863	-0.1061
3	0.7171	0.02791	-0.1071
4	0.8596	0.02585	-0.1063
4.5	0.9247	0.02485	-0.1049
5	0.9856	0.02395	-0.103
5.5	1.0484	0.02282	-0.1015
6	1.1064	0.0222	-0.0997
6.5	1.1555	0.02243	-0.0972
7	1.2072	0.02287	-0.0952
7.5	1.2517	0.02382	-0.0925
8	1.2959	0.0249	-0.0899
8.5	1.3357	0.02631	-0.0869
9	1.3719	0.02789	-0.0835
9.5	1.402	0.02987	-0.0792
10	1.4309	0.03224	-0.0751
10.5	1.4539	0.03509	-0.0703
11	1.4799	0.03829	-0.0662
11.5	1.5062	0.04216	-0.0624
12	1.5344	0.04686	-0.0593
12.5	1.5478	0.05209	-0.0546
13	1.5641	0.0582	-0.051
13.5	1.5198	0.0645	-0.0412
14	1.4677	0.07284	-0.0348
14.5	1.4081	0.08371	-0.0324
15	1.3501	0.09723	-0.0339

];
wingPolar{4}=[...
-7.5	-0.4235	0.09052	-0.0299
-7	-0.4442	0.08833	-0.0225
-6.5	-0.4655	0.08417	-0.0213
-6	-0.4752	0.07347	-0.0343
-5.5	-0.4146	0.06387	-0.0467
-4.5	-0.2894	0.04818	-0.067
-4	-0.2219	0.04289	-0.0734
-3	-0.0035	0.02402	-0.0926
-2.5	0.0765	0.02176	-0.0971
-1.5	0.2088	0.01798	-0.0988
-1	0.2867	0.0174	-0.1012
-0.5	0.3747	0.01709	-0.1076
0	0.4411	0.01709	-0.1095
1	0.5794	0.01634	-0.1122
1.5	0.6347	0.01638	-0.1112
2	0.694	0.01622	-0.1106
2.5	0.7525	0.01608	-0.1098
3	0.807	0.01615	-0.1085
3.5	0.8617	0.01619	-0.1072
4	0.9168	0.0161	-0.1059
4.5	0.9673	0.01598	-0.1039
5	1.0204	0.01575	-0.1023
5.5	1.071	0.0158	-0.1004
6	1.1204	0.0162	-0.0985
6.5	1.1651	0.01693	-0.096
7	1.2095	0.01783	-0.0937
7.5	1.2505	0.01888	-0.091
8	1.2904	0.02007	-0.0883
8.5	1.3276	0.02137	-0.0853
9	1.3607	0.02281	-0.0817
9.5	1.3884	0.0245	-0.0775
10	1.4058	0.02645	-0.0718
10.5	1.4179	0.02879	-0.0655
11	1.431	0.03149	-0.06
11.5	1.4502	0.03456	-0.0557
12	1.4787	0.03798	-0.0529
12.5	1.501	0.04158	-0.0494
13	1.5252	0.04567	-0.0465
13.5	1.5451	0.05047	-0.0435
14	1.5753	0.05622	-0.042
14.5	1.5408	0.0622	-0.0356
15	1.5044	0.07013	-0.0318
15.5	1.4587	0.08006	-0.0305
16	1.3981	0.09303	-0.0326

];
wingPolar{5}=[...
-7.5	-0.4514	0.08993	-0.029
-6	-0.3276	0.05501	-0.0748
-3.5	0.0501	0.01936	-0.1076
-3	0.1218	0.01714	-0.1106
-2.5	0.191	0.01396	-0.1141
-2	0.2499	0.01316	-0.1135
-1.5	0.3008	0.01292	-0.1107
-1	0.339	0.01256	-0.1044
-0.5	0.4315	0.01206	-0.1111
0	0.4868	0.01208	-0.1112
0.5	0.5431	0.01211	-0.1109
1	0.5999	0.01217	-0.1105
1.5	0.6548	0.01229	-0.1098
2	0.7091	0.01248	-0.1089
2.5	0.7655	0.01262	-0.1083
3	0.8188	0.0128	-0.1073
3.5	0.8717	0.01288	-0.1061
4	0.9242	0.01283	-0.1048
4.5	0.9752	0.01279	-0.1032
5	1.0254	0.01292	-0.1016
5.5	1.074	0.01331	-0.0998
6	1.1195	0.01394	-0.0976
6.5	1.1635	0.01474	-0.0953
7	1.2056	0.01565	-0.0928
7.5	1.2467	0.01672	-0.0903
8	1.2859	0.01784	-0.0877
8.5	1.3223	0.01903	-0.0846
9	1.3548	0.02033	-0.081
9.5	1.3809	0.02182	-0.0766
10	1.3965	0.0236	-0.0706
10.5	1.4075	0.02598	-0.0647
11	1.4182	0.02896	-0.0595
11.5	1.4314	0.03202	-0.0551
12	1.4471	0.03529	-0.0513
12.5	1.4646	0.03865	-0.048
13	1.4837	0.0422	-0.045
13.5	1.5046	0.04601	-0.0422
14	1.5284	0.05012	-0.0399
14.5	1.53	0.05483	-0.0368
15	1.5402	0.06053	-0.0345
15.5	1.5203	0.06756	-0.0322
16	1.5208	0.07337	-0.031

];

wingPolar{6}=[...
-7.5	-0.4075	0.08613	-0.0302
-4	0.0462	0.01688	-0.1146
-3.5	0.1096	0.01511	-0.1157
-3	0.1691	0.01358	-0.1161
-2.5	0.2225	0.01112	-0.1165
-2	0.2754	0.0107	-0.115
-1.5	0.3224	0.01052	-0.1121
-1	0.3647	0.01036	-0.1077
-0.5	0.4257	0.01001	-0.1067
0	0.4947	0.00997	-0.1097
0.5	0.5481	0.01014	-0.1093
1	0.6046	0.01028	-0.1091
1.5	0.6585	0.0105	-0.1085
2	0.7146	0.0107	-0.1081
2.5	0.7676	0.0109	-0.1072
3	0.8208	0.01103	-0.1063
3.5	0.8738	0.01104	-0.1053
4	0.9262	0.01104	-0.1042
4.5	0.9771	0.01117	-0.1028
5	1.0264	0.01148	-0.1012
5.5	1.0739	0.012	-0.0994
6	1.1192	0.01266	-0.0973
6.5	1.1626	0.01348	-0.0951
7	1.2049	0.01439	-0.0928
7.5	1.2461	0.0154	-0.0904
8	1.2858	0.01645	-0.0878
8.5	1.323	0.01759	-0.0849
9	1.3561	0.01886	-0.0815
9.5	1.3833	0.02021	-0.0772
10	1.4014	0.02198	-0.0717
10.5	1.4142	0.02438	-0.0662
11	1.4262	0.02715	-0.0612
11.5	1.4357	0.03045	-0.0567
12	1.4482	0.03373	-0.053
12.5	1.4602	0.03728	-0.0496
13	1.473	0.04099	-0.0465
13.5	1.4882	0.04474	-0.0436
14	1.501	0.04857	-0.0413
14.5	1.5099	0.05314	-0.0388
15	1.529	0.0574	-0.0364
15.5	1.5206	0.06335	-0.0348
16	1.5422	0.06815	-0.0328


];

